# Mean fitness, Standard deviation of fitness, Standard error of the mean fitness, Mean best fitness, Standard deviation of best fitness, Standard error of the mean best fitness
0.2293,0.0757,0.0107,0.2293,0.0757,0.0107
0.4243,0.2435,0.0344,0.4285,0.2407,0.0340
0.5268,0.2990,0.0423,0.5523,0.3014,0.0426
0.6264,0.3345,0.0473,0.6890,0.3190,0.0451
0.6564,0.3343,0.0473,0.7157,0.3160,0.0447
0.6895,0.3287,0.0465,0.7598,0.3113,0.0440
0.7140,0.3303,0.0467,0.7877,0.3016,0.0427
0.7374,0.3166,0.0448,0.8010,0.2959,0.0418
0.7440,0.3221,0.0455,0.8010,0.2959,0.0418
0.7097,0.3317,0.0469,0.8143,0.2895,0.0409
0.7440,0.3196,0.0452,0.8143,0.2895,0.0409
0.7600,0.3217,0.0455,0.8143,0.2895,0.0409
0.7234,0.3174,0.0449,0.8143,0.2895,0.0409
0.7764,0.3142,0.0444,0.8143,0.2895,0.0409
0.7593,0.3201,0.0453,0.8243,0.2871,0.0406
0.7907,0.2979,0.0421,0.8343,0.2843,0.0402
0.7768,0.3032,0.0429,0.8343,0.2843,0.0402
0.7407,0.3237,0.0458,0.8343,0.2843,0.0402
0.7530,0.3171,0.0448,0.8343,0.2843,0.0402
0.7719,0.3106,0.0439,0.8419,0.2861,0.0405
0.7333,0.3283,0.0464,0.8419,0.2861,0.0405
0.7243,0.3172,0.0449,0.8419,0.2861,0.0405
0.7300,0.3195,0.0452,0.8419,0.2861,0.0405
0.7366,0.3252,0.0460,0.8419,0.2861,0.0405
0.7554,0.3171,0.0448,0.8419,0.2861,0.0405
0.7767,0.3138,0.0444,0.8419,0.2861,0.0405
0.7433,0.3183,0.0450,0.8419,0.2861,0.0405
0.7333,0.3283,0.0464,0.8419,0.2861,0.0405
0.7571,0.3145,0.0445,0.8552,0.2775,0.0392
0.7596,0.3217,0.0455,0.8552,0.2775,0.0392
0.7431,0.3181,0.0450,0.8552,0.2775,0.0392
0.7500,0.3202,0.0453,0.8552,0.2775,0.0392
0.7633,0.3181,0.0450,0.8552,0.2775,0.0392
0.7233,0.3276,0.0463,0.8552,0.2775,0.0392
0.7300,0.3348,0.0473,0.8552,0.2775,0.0392
0.7400,0.3200,0.0453,0.8552,0.2775,0.0392
0.7596,0.3215,0.0455,0.8552,0.2775,0.0392
0.7467,0.3253,0.0460,0.8552,0.2775,0.0392
0.7540,0.3189,0.0451,0.8552,0.2775,0.0392
0.7804,0.3169,0.0448,0.8660,0.2673,0.0378
0.7500,0.3219,0.0455,0.8660,0.2673,0.0378
0.7172,0.3243,0.0459,0.8660,0.2673,0.0378
0.7708,0.3162,0.0447,0.8660,0.2673,0.0378
0.7513,0.3165,0.0448,0.8660,0.2673,0.0378
0.7663,0.3142,0.0444,0.8660,0.2673,0.0378
0.7630,0.3179,0.0450,0.8660,0.2673,0.0378
0.7041,0.3308,0.0468,0.8660,0.2673,0.0378
0.7296,0.3210,0.0454,0.8660,0.2673,0.0378
0.7600,0.3217,0.0455,0.8660,0.2673,0.0378
0.7500,0.3219,0.0455,0.8660,0.2673,0.0378
0.7475,0.3204,0.0453,0.8660,0.2673,0.0378
0.7633,0.3164,0.0447,0.8660,0.2673,0.0378
0.7203,0.3198,0.0452,0.8660,0.2673,0.0378
0.7341,0.3235,0.0457,0.8660,0.2673,0.0378
0.7651,0.3169,0.0448,0.8660,0.2673,0.0378
0.7184,0.3209,0.0454,0.8660,0.2673,0.0378
0.7400,0.3200,0.0453,0.8660,0.2673,0.0378
0.7782,0.3070,0.0434,0.8685,0.2679,0.0379
0.7341,0.3218,0.0455,0.8685,0.2679,0.0379
0.7083,0.3284,0.0464,0.8685,0.2679,0.0379
0.7600,0.3217,0.0455,0.8685,0.2679,0.0379
0.7796,0.3079,0.0435,0.8685,0.2679,0.0379
0.7475,0.3187,0.0451,0.8685,0.2679,0.0379
0.7633,0.3181,0.0450,0.8685,0.2679,0.0379
0.7300,0.3213,0.0454,0.8685,0.2679,0.0379
0.7526,0.3158,0.0447,0.8685,0.2679,0.0379
0.7479,0.3250,0.0460,0.8685,0.2679,0.0379
0.7551,0.3172,0.0449,0.8685,0.2679,0.0379
0.7400,0.3217,0.0455,0.8685,0.2679,0.0379
0.7620,0.3201,0.0453,0.8685,0.2679,0.0379
0.7638,0.3128,0.0442,0.8685,0.2679,0.0379
0.7433,0.3183,0.0450,0.8685,0.2679,0.0379
0.7808,0.3023,0.0427,0.8685,0.2679,0.0379
0.7284,0.3112,0.0440,0.8685,0.2679,0.0379
0.7442,0.3167,0.0448,0.8685,0.2679,0.0379
0.7251,0.3275,0.0463,0.8685,0.2679,0.0379
0.7491,0.3231,0.0457,0.8685,0.2679,0.0379
0.7491,0.3231,0.0457,0.8685,0.2679,0.0379
0.7491,0.3231,0.0457,0.8685,0.2679,0.0379
0.7624,0.3194,0.0452,0.8685,0.2679,0.0379
0.7391,0.3229,0.0457,0.8685,0.2679,0.0379
0.7591,0.3230,0.0457,0.8685,0.2679,0.0379
0.7091,0.3307,0.0468,0.8685,0.2679,0.0379
0.7191,0.3318,0.0469,0.8685,0.2679,0.0379
0.7358,0.3262,0.0461,0.8685,0.2679,0.0379
0.7391,0.3212,0.0454,0.8685,0.2679,0.0379
0.7542,0.3185,0.0450,0.8685,0.2679,0.0379
0.7324,0.3294,0.0466,0.8685,0.2679,0.0379
0.7658,0.3140,0.0444,0.8685,0.2679,0.0379
0.7524,0.3196,0.0452,0.8685,0.2679,0.0379
0.7538,0.3182,0.0450,0.8685,0.2679,0.0379
0.7142,0.3269,0.0462,0.8685,0.2679,0.0379
0.7258,0.3239,0.0458,0.8685,0.2679,0.0379
0.7624,0.3194,0.0452,0.8685,0.2679,0.0379
0.7487,0.3228,0.0457,0.8685,0.2679,0.0379
0.7509,0.3237,0.0458,0.8685,0.2679,0.0379
0.7384,0.3248,0.0459,0.8685,0.2679,0.0379
0.7424,0.3196,0.0452,0.8685,0.2679,0.0379
0.7458,0.3265,0.0462,0.8685,0.2679,0.0379
0.7591,0.3229,0.0457,0.8685,0.2679,0.0379
0.7101,0.3302,0.0467,0.8685,0.2679,0.0379
0.7558,0.3282,0.0464,0.8685,0.2679,0.0379
0.7524,0.3196,0.0452,0.8685,0.2679,0.0379
0.7591,0.3230,0.0457,0.8685,0.2679,0.0379
0.7348,0.3275,0.0463,0.8685,0.2679,0.0379
0.7758,0.3151,0.0446,0.8685,0.2679,0.0379
0.7624,0.3194,0.0452,0.8685,0.2679,0.0379
0.7675,0.3127,0.0442,0.8685,0.2679,0.0379
0.7466,0.3259,0.0461,0.8685,0.2679,0.0379
0.7291,0.3224,0.0456,0.8685,0.2679,0.0379
0.7299,0.3219,0.0455,0.8685,0.2679,0.0379
0.7667,0.3127,0.0442,0.8685,0.2679,0.0379
0.7858,0.3141,0.0444,0.8685,0.2679,0.0379
0.7724,0.3189,0.0451,0.8685,0.2679,0.0379
0.7458,0.3282,0.0464,0.8685,0.2679,0.0379
0.7091,0.3307,0.0468,0.8685,0.2679,0.0379
0.7805,0.3104,0.0439,0.8685,0.2679,0.0379
0.7086,0.3313,0.0469,0.8685,0.2679,0.0379
0.7415,0.3208,0.0454,0.8685,0.2679,0.0379
0.7285,0.3350,0.0474,0.8685,0.2679,0.0379
0.7619,0.3201,0.0453,0.8685,0.2679,0.0379
0.7627,0.3211,0.0454,0.8685,0.2679,0.0379
0.7138,0.3273,0.0463,0.8685,0.2679,0.0379
0.7453,0.3272,0.0463,0.8685,0.2679,0.0379
0.7319,0.3181,0.0450,0.8685,0.2679,0.0379
0.7654,0.3162,0.0447,0.8685,0.2679,0.0379
0.7652,0.3165,0.0448,0.8685,0.2679,0.0379
0.7372,0.3134,0.0443,0.8685,0.2679,0.0379
0.7520,0.3205,0.0453,0.8685,0.2679,0.0379
0.7154,0.3234,0.0457,0.8685,0.2679,0.0379
0.7704,0.3097,0.0438,0.8685,0.2679,0.0379
0.7319,0.3301,0.0467,0.8685,0.2679,0.0379
0.7121,0.3282,0.0464,0.8685,0.2679,0.0379
0.7239,0.3282,0.0464,0.8685,0.2679,0.0379
0.7679,0.3148,0.0445,0.8685,0.2679,0.0379
0.7219,0.3277,0.0463,0.8685,0.2679,0.0379
0.7668,0.3179,0.0450,0.8685,0.2679,0.0379
0.7386,0.3236,0.0458,0.8685,0.2679,0.0379
0.7588,0.3234,0.0457,0.8685,0.2679,0.0379
0.7486,0.3221,0.0455,0.8685,0.2679,0.0379
0.7568,0.3166,0.0448,0.8685,0.2679,0.0379
0.7382,0.3241,0.0458,0.8685,0.2679,0.0379
0.7886,0.3091,0.0437,0.8685,0.2679,0.0379
0.7553,0.3288,0.0465,0.8685,0.2679,0.0379
0.7757,0.3134,0.0443,0.8685,0.2679,0.0379
0.7529,0.3191,0.0451,0.8685,0.2679,0.0379
0.7254,0.3260,0.0461,0.8685,0.2679,0.0379
0.7619,0.3201,0.0453,0.8685,0.2679,0.0379
0.7484,0.3240,0.0458,0.8685,0.2679,0.0379
0.7521,0.3184,0.0450,0.8685,0.2679,0.0379
0.7486,0.3238,0.0458,0.8685,0.2679,0.0379
0.7535,0.3218,0.0455,0.8685,0.2679,0.0379
0.7619,0.3184,0.0450,0.8685,0.2679,0.0379
0.7488,0.3235,0.0458,0.8719,0.2622,0.0371
0.7435,0.3218,0.0455,0.8719,0.2622,0.0371
0.7695,0.3134,0.0443,0.8719,0.2622,0.0371
0.7710,0.3111,0.0440,0.8719,0.2622,0.0371
0.7395,0.3224,0.0456,0.8719,0.2622,0.0371
0.7586,0.3237,0.0458,0.8719,0.2622,0.0371
0.7849,0.3046,0.0431,0.8719,0.2622,0.0371
0.7519,0.3203,0.0453,0.8719,0.2622,0.0371
0.7708,0.3212,0.0454,0.8719,0.2622,0.0371
0.7219,0.3294,0.0466,0.8719,0.2622,0.0371
0.7654,0.3162,0.0447,0.8719,0.2622,0.0371
0.7204,0.3195,0.0452,0.8719,0.2622,0.0371
0.7654,0.3145,0.0445,0.8719,0.2622,0.0371
0.7481,0.3244,0.0459,0.8719,0.2622,0.0371
0.7658,0.3181,0.0450,0.8719,0.2622,0.0371
0.7184,0.3327,0.0470,0.8719,0.2622,0.0371
0.7668,0.3179,0.0450,0.8719,0.2622,0.0371
0.7419,0.3185,0.0450,0.8719,0.2622,0.0371
0.7619,0.3180,0.0450,0.8719,0.2622,0.0371
0.7685,0.3234,0.0457,0.8719,0.2622,0.0371
0.7622,0.3197,0.0452,0.8719,0.2622,0.0371
0.7454,0.3269,0.0462,0.8719,0.2622,0.0371
0.7586,0.3237,0.0458,0.8719,0.2622,0.0371
0.7458,0.3268,0.0462,0.8719,0.2622,0.0371
0.7529,0.3196,0.0452,0.8719,0.2622,0.0371
0.7486,0.3238,0.0458,0.8719,0.2622,0.0371
0.7488,0.3218,0.0455,0.8719,0.2622,0.0371
0.7488,0.3235,0.0458,0.8719,0.2622,0.0371
0.7388,0.3216,0.0455,0.8719,0.2622,0.0371
0.7535,0.3218,0.0455,0.8719,0.2622,0.0371
0.7721,0.3193,0.0452,0.8719,0.2622,0.0371
0.7354,0.3266,0.0462,0.8719,0.2622,0.0371
0.7183,0.3250,0.0460,0.8719,0.2622,0.0371
0.7421,0.3319,0.0469,0.8719,0.2622,0.0371
0.7721,0.3193,0.0452,0.8719,0.2622,0.0371
0.7895,0.3096,0.0438,0.8719,0.2622,0.0371
0.7436,0.3198,0.0452,0.8719,0.2622,0.0371
0.7535,0.3218,0.0455,0.8719,0.2622,0.0371
0.7283,0.3249,0.0459,0.8719,0.2622,0.0371
0.7062,0.3236,0.0458,0.8719,0.2622,0.0371
0.7487,0.3236,0.0458,0.8719,0.2622,0.0371
0.7321,0.3299,0.0466,0.8719,0.2622,0.0371
0.7121,0.3282,0.0464,0.8719,0.2622,0.0371
0.7286,0.3231,0.0457,0.8719,0.2622,0.0371
0.7435,0.3218,0.0455,0.8719,0.2622,0.0371
0.7277,0.3267,0.0462,0.8719,0.2622,0.0371
0.7602,0.3147,0.0445,0.8719,0.2622,0.0371
0.7621,0.3199,0.0452,0.8719,0.2622,0.0371
0.7430,0.3291,0.0465,0.8719,0.2622,0.0371
0.7488,0.3235,0.0458,0.8719,0.2622,0.0371
0.7703,0.3140,0.0444,0.8719,0.2622,0.0371
0.7351,0.3150,0.0445,0.8719,0.2622,0.0371
0.7519,0.3203,0.0453,0.8719,0.2622,0.0371
0.7463,0.3257,0.0461,0.8719,0.2622,0.0371
0.7290,0.3209,0.0454,0.8719,0.2622,0.0371
0.7519,0.3203,0.0453,0.8719,0.2622,0.0371
0.7922,0.3047,0.0431,0.8819,0.2573,0.0364
0.7505,0.3206,0.0453,0.8819,0.2573,0.0364
0.7983,0.2970,0.0420,0.8819,0.2573,0.0364
0.7379,0.3224,0.0456,0.8819,0.2573,0.0364
0.7673,0.3129,0.0443,0.8819,0.2573,0.0364
0.7508,0.3202,0.0453,0.8819,0.2573,0.0364
0.7527,0.3190,0.0451,0.8819,0.2573,0.0364
0.7381,0.3225,0.0456,0.8819,0.2573,0.0364
0.7874,0.3111,0.0440,0.8819,0.2573,0.0364
0.7521,0.3183,0.0450,0.8819,0.2573,0.0364
0.7366,0.3246,0.0459,0.8819,0.2573,0.0364
0.7639,0.3119,0.0441,0.8819,0.2573,0.0364
0.8019,0.3035,0.0429,0.8819,0.2573,0.0364
0.7783,0.3106,0.0439,0.8819,0.2573,0.0364
0.7885,0.3092,0.0437,0.8819,0.2573,0.0364
0.7686,0.3110,0.0440,0.8819,0.2573,0.0364
0.7461,0.3258,0.0461,0.8819,0.2573,0.0364
0.7611,0.3097,0.0438,0.8819,0.2573,0.0364
0.7645,0.3084,0.0436,0.8819,0.2573,0.0364
0.7640,0.3183,0.0450,0.8819,0.2573,0.0364
0.7599,0.3214,0.0454,0.8819,0.2573,0.0364
0.7530,0.3172,0.0449,0.8819,0.2573,0.0364
0.8001,0.3068,0.0434,0.8819,0.2573,0.0364
0.7263,0.3232,0.0457,0.8819,0.2573,0.0364
0.7647,0.3161,0.0447,0.8819,0.2573,0.0364
0.7514,0.3192,0.0451,0.8819,0.2573,0.0364
0.7787,0.3090,0.0437,0.8819,0.2573,0.0364
0.7767,0.3133,0.0443,0.8819,0.2573,0.0364
0.7541,0.3122,0.0441,0.8819,0.2573,0.0364
0.7650,0.3139,0.0444,0.8819,0.2573,0.0364
0.7689,0.3164,0.0447,0.8819,0.2573,0.0364
0.7497,0.3173,0.0449,0.8819,0.2573,0.0364
0.7591,0.3163,0.0447,0.8819,0.2573,0.0364
0.7589,0.3139,0.0444,0.8819,0.2573,0.0364
0.7523,0.3182,0.0450,0.8819,0.2573,0.0364
0.8025,0.2979,0.0421,0.8819,0.2573,0.0364
0.7731,0.3126,0.0442,0.8819,0.2573,0.0364
0.7746,0.3151,0.0446,0.8819,0.2573,0.0364
0.7456,0.3217,0.0455,0.8819,0.2573,0.0364
0.7622,0.3151,0.0446,0.8819,0.2573,0.0364
0.7489,0.3167,0.0448,0.8819,0.2573,0.0364
0.7464,0.3240,0.0458,0.8819,0.2573,0.0364
0.8148,0.2936,0.0415,0.8819,0.2573,0.0364
0.7507,0.3182,0.0450,0.8819,0.2573,0.0364
0.7494,0.3223,0.0456,0.8819,0.2573,0.0364
0.7332,0.3233,0.0457,0.8819,0.2573,0.0364
0.7369,0.3242,0.0458,0.8819,0.2573,0.0364
0.7612,0.3183,0.0450,0.8819,0.2573,0.0364
0.7501,0.3202,0.0453,0.8819,0.2573,0.0364
0.7549,0.3144,0.0445,0.8819,0.2573,0.0364
0.7224,0.3231,0.0457,0.8819,0.2573,0.0364
0.7336,0.3159,0.0447,0.8819,0.2573,0.0364
0.7755,0.3126,0.0442,0.8819,0.2573,0.0364
0.7050,0.3328,0.0471,0.8819,0.2573,0.0364
0.7422,0.3229,0.0457,0.8819,0.2573,0.0364
0.7777,0.3101,0.0438,0.8819,0.2573,0.0364
0.7353,0.3240,0.0458,0.8819,0.2573,0.0364
0.7453,0.3254,0.0460,0.8819,0.2573,0.0364
0.7934,0.3107,0.0439,0.8819,0.2573,0.0364
0.7749,0.3135,0.0443,0.8819,0.2573,0.0364
0.7645,0.3117,0.0441,0.8819,0.2573,0.0364
0.7226,0.3225,0.0456,0.8819,0.2573,0.0364
0.8035,0.3007,0.0425,0.8819,0.2573,0.0364
0.7847,0.3095,0.0438,0.8819,0.2573,0.0364
0.7730,0.3124,0.0442,0.8819,0.2573,0.0364
0.7337,0.3272,0.0463,0.8819,0.2573,0.0364
0.7214,0.3273,0.0463,0.8819,0.2573,0.0364
0.7781,0.3099,0.0438,0.8819,0.2573,0.0364
0.7387,0.3186,0.0451,0.8819,0.2573,0.0364
0.7638,0.3168,0.0448,0.8819,0.2573,0.0364
0.7648,0.3142,0.0444,0.8819,0.2573,0.0364
0.7500,0.3176,0.0449,0.8819,0.2573,0.0364
0.7497,0.3219,0.0455,0.8819,0.2573,0.0364
0.7579,0.3133,0.0443,0.8819,0.2573,0.0364
0.7621,0.3181,0.0450,0.8819,0.2573,0.0364
0.7073,0.3257,0.0461,0.8819,0.2573,0.0364
0.7388,0.3216,0.0455,0.8819,0.2573,0.0364
0.7472,0.3229,0.0457,0.8819,0.2573,0.0364
0.7649,0.3141,0.0444,0.8819,0.2573,0.0364
0.7782,0.3096,0.0438,0.8819,0.2573,0.0364
0.7629,0.3172,0.0449,0.8819,0.2573,0.0364
0.7919,0.3052,0.0432,0.8819,0.2573,0.0364
0.7956,0.3019,0.0427,0.8819,0.2573,0.0364
0.7416,0.3178,0.0449,0.8819,0.2573,0.0364
0.7623,0.3168,0.0448,0.8819,0.2573,0.0364
0.7359,0.3195,0.0452,0.8819,0.2573,0.0364
0.7721,0.3190,0.0451,0.8819,0.2573,0.0364
0.7522,0.3184,0.0450,0.8819,0.2573,0.0364
0.7848,0.3036,0.0429,0.8819,0.2573,0.0364
0.7609,0.3202,0.0453,0.8819,0.2573,0.0364
0.7725,0.3125,0.0442,0.8819,0.2573,0.0364
0.7715,0.3066,0.0434,0.8819,0.2573,0.0364
0.8008,0.3041,0.0430,0.8819,0.2573,0.0364
0.7374,0.3235,0.0457,0.8819,0.2573,0.0364
0.7718,0.3122,0.0442,0.8819,0.2573,0.0364
0.7528,0.3133,0.0443,0.8819,0.2573,0.0364
0.7482,0.3214,0.0455,0.8819,0.2573,0.0364
0.7891,0.3071,0.0434,0.8819,0.2573,0.0364
0.7756,0.3085,0.0436,0.8819,0.2573,0.0364
0.7551,0.3259,0.0461,0.8819,0.2573,0.0364
0.7782,0.3096,0.0438,0.8819,0.2573,0.0364
0.7517,0.3190,0.0451,0.8819,0.2573,0.0364
0.7814,0.3061,0.0433,0.8819,0.2573,0.0364
0.7691,0.3090,0.0437,0.8819,0.2573,0.0364
0.7649,0.3141,0.0444,0.8819,0.2573,0.0364
0.7823,0.3165,0.0448,0.8819,0.2573,0.0364
0.7789,0.3117,0.0441,0.8819,0.2573,0.0364
0.7362,0.3224,0.0456,0.8819,0.2573,0.0364
0.7663,0.3097,0.0438,0.8819,0.2573,0.0364
0.7790,0.3046,0.0431,0.8819,0.2573,0.0364
0.7751,0.3030,0.0429,0.8819,0.2573,0.0364
0.7735,0.3120,0.0441,0.8819,0.2573,0.0364
0.7324,0.3290,0.0465,0.8819,0.2573,0.0364
0.7607,0.3201,0.0453,0.8819,0.2573,0.0364
0.7492,0.3215,0.0455,0.8819,0.2573,0.0364
0.7615,0.3189,0.0451,0.8819,0.2573,0.0364
0.7642,0.3145,0.0445,0.8819,0.2573,0.0364
0.7614,0.3191,0.0451,0.8819,0.2573,0.0364
0.7563,0.3107,0.0439,0.8819,0.2573,0.0364
0.7517,0.3177,0.0449,0.8819,0.2573,0.0364
0.7222,0.3262,0.0461,0.8819,0.2573,0.0364
0.7392,0.3211,0.0454,0.8819,0.2573,0.0364
0.7748,0.3136,0.0443,0.8819,0.2573,0.0364
0.7487,0.3219,0.0455,0.8819,0.2573,0.0364
0.7573,0.3163,0.0447,0.8819,0.2573,0.0364
0.7151,0.3239,0.0458,0.8819,0.2573,0.0364
0.7337,0.3261,0.0461,0.8819,0.2573,0.0364
0.7465,0.3208,0.0454,0.8819,0.2573,0.0364
0.7895,0.3036,0.0429,0.8819,0.2573,0.0364
0.7481,0.3178,0.0449,0.8819,0.2573,0.0364
0.7456,0.3201,0.0453,0.8819,0.2573,0.0364
0.7503,0.3161,0.0447,0.8819,0.2573,0.0364
0.7505,0.3205,0.0453,0.8819,0.2573,0.0364
0.7425,0.3194,0.0452,0.8819,0.2573,0.0364
0.7521,0.3134,0.0443,0.8819,0.2573,0.0364
0.7354,0.3213,0.0454,0.8819,0.2573,0.0364
0.7387,0.3204,0.0453,0.8819,0.2573,0.0364
0.7507,0.3161,0.0447,0.8819,0.2573,0.0364
0.7541,0.3155,0.0446,0.8819,0.2573,0.0364
0.7386,0.3169,0.0448,0.8819,0.2573,0.0364
0.7849,0.3124,0.0442,0.8819,0.2573,0.0364
0.7654,0.3140,0.0444,0.8819,0.2573,0.0364
0.7865,0.3024,0.0428,0.8819,0.2573,0.0364
0.7791,0.3083,0.0436,0.8819,0.2573,0.0364
0.7621,0.3181,0.0450,0.8819,0.2573,0.0364
0.7554,0.3148,0.0445,0.8819,0.2573,0.0364
0.7713,0.3037,0.0430,0.8819,0.2573,0.0364
0.7735,0.3109,0.0440,0.8819,0.2573,0.0364
0.7968,0.3058,0.0432,0.8819,0.2573,0.0364
0.7682,0.3104,0.0439,0.8819,0.2573,0.0364
0.7806,0.3079,0.0435,0.8819,0.2573,0.0364
0.7758,0.3136,0.0444,0.8819,0.2573,0.0364
0.7452,0.3176,0.0449,0.8819,0.2573,0.0364
0.7842,0.3062,0.0433,0.8819,0.2573,0.0364
0.7900,0.3083,0.0436,0.8819,0.2573,0.0364
0.7616,0.3177,0.0449,0.8819,0.2573,0.0364
0.7833,0.3051,0.0431,0.8819,0.2573,0.0364
0.7658,0.3140,0.0444,0.8819,0.2573,0.0364
0.7740,0.3149,0.0445,0.8819,0.2573,0.0364
0.7880,0.3089,0.0437,0.8819,0.2573,0.0364
0.7546,0.3160,0.0447,0.8819,0.2573,0.0364
0.7601,0.3230,0.0457,0.8819,0.2573,0.0364
0.7623,0.3138,0.0444,0.8819,0.2573,0.0364
0.7545,0.3155,0.0446,0.8819,0.2573,0.0364
0.7532,0.3283,0.0464,0.8819,0.2573,0.0364
0.7649,0.3141,0.0444,0.8819,0.2573,0.0364
0.7417,0.3201,0.0453,0.8819,0.2573,0.0364
0.7619,0.3135,0.0443,0.8819,0.2573,0.0364
0.7452,0.3162,0.0447,0.8819,0.2573,0.0364
0.7797,0.3092,0.0437,0.8819,0.2573,0.0364
0.7779,0.3100,0.0438,0.8819,0.2573,0.0364
0.7473,0.3196,0.0452,0.8822,0.2567,0.0363
0.7761,0.3130,0.0443,0.8822,0.2567,0.0363
0.7445,0.3238,0.0458,0.8822,0.2567,0.0363
0.7471,0.3226,0.0456,0.8822,0.2567,0.0363
0.7390,0.3165,0.0448,0.8822,0.2567,0.0363
0.7711,0.3142,0.0444,0.8822,0.2567,0.0363
0.7590,0.3103,0.0439,0.8822,0.2567,0.0363
0.7006,0.3259,0.0461,0.8822,0.2567,0.0363
0.7725,0.3173,0.0449,0.8822,0.2567,0.0363
0.7740,0.3110,0.0440,0.8822,0.2567,0.0363
0.7675,0.3196,0.0452,0.8822,0.2567,0.0363
0.7648,0.3134,0.0443,0.8822,0.2567,0.0363
0.7622,0.3180,0.0450,0.8822,0.2567,0.0363
0.7594,0.3167,0.0448,0.8822,0.2567,0.0363
0.7732,0.3072,0.0434,0.8822,0.2567,0.0363
0.7590,0.3165,0.0448,0.8822,0.2567,0.0363
0.7464,0.3169,0.0448,0.8822,0.2567,0.0363
0.7481,0.3234,0.0457,0.8822,0.2567,0.0363
0.8160,0.2947,0.0417,0.8822,0.2567,0.0363
0.7673,0.3116,0.0441,0.8822,0.2567,0.0363
0.7800,0.3064,0.0433,0.8822,0.2567,0.0363
0.7783,0.3117,0.0441,0.8822,0.2567,0.0363
0.7334,0.3295,0.0466,0.8822,0.2567,0.0363
0.7684,0.3116,0.0441,0.8822,0.2567,0.0363
0.7811,0.3064,0.0433,0.8822,0.2567,0.0363
0.7516,0.3179,0.0450,0.8822,0.2567,0.0363
0.7794,0.3047,0.0431,0.8822,0.2567,0.0363
0.7608,0.3189,0.0451,0.8822,0.2567,0.0363
0.7990,0.3019,0.0427,0.8822,0.2567,0.0363
0.7236,0.3247,0.0459,0.8822,0.2567,0.0363
0.7548,0.3139,0.0444,0.8822,0.2567,0.0363
0.7578,0.3182,0.0450,0.8822,0.2567,0.0363
0.7598,0.3220,0.0455,0.8822,0.2567,0.0363
0.7549,0.3106,0.0439,0.8822,0.2567,0.0363
0.7622,0.3075,0.0435,0.8822,0.2567,0.0363
0.7517,0.3164,0.0447,0.8822,0.2567,0.0363
0.7759,0.3121,0.0441,0.8822,0.2567,0.0363
0.7234,0.3235,0.0458,0.8822,0.2567,0.0363
0.7878,0.3091,0.0437,0.8822,0.2567,0.0363
0.7621,0.3181,0.0450,0.8822,0.2567,0.0363
0.7800,0.3181,0.0450,0.8822,0.2567,0.0363
0.7831,0.3103,0.0439,0.8822,0.2567,0.0363
0.7504,0.3198,0.0452,0.8822,0.2567,0.0363
0.7576,0.3113,0.0440,0.8822,0.2567,0.0363
0.7549,0.3199,0.0452,0.8822,0.2567,0.0363
0.7600,0.3121,0.0441,0.8822,0.2567,0.0363
0.7610,0.3185,0.0450,0.8822,0.2567,0.0363
0.8044,0.2931,0.0414,0.8822,0.2567,0.0363
0.7751,0.3067,0.0434,0.8822,0.2567,0.0363
0.7752,0.3096,0.0438,0.8822,0.2567,0.0363
0.7396,0.3219,0.0455,0.8822,0.2567,0.0363
0.7118,0.3268,0.0462,0.8822,0.2567,0.0363
0.7676,0.3100,0.0438,0.8822,0.2567,0.0363
0.7640,0.3168,0.0448,0.8822,0.2567,0.0363
0.7805,0.3082,0.0436,0.8822,0.2567,0.0363
0.7347,0.3248,0.0459,0.8822,0.2567,0.0363
0.7611,0.3090,0.0437,0.8822,0.2567,0.0363
0.7636,0.3137,0.0444,0.8822,0.2567,0.0363
0.7342,0.3178,0.0449,0.8822,0.2567,0.0363
0.7208,0.3280,0.0464,0.8822,0.2567,0.0363
0.7363,0.3206,0.0453,0.8822,0.2567,0.0363
0.7641,0.3142,0.0444,0.8822,0.2567,0.0363
0.7622,0.3149,0.0445,0.8822,0.2567,0.0363
0.7752,0.3080,0.0436,0.8822,0.2567,0.0363
0.7629,0.3145,0.0445,0.8822,0.2567,0.0363
0.7318,0.3238,0.0458,0.8822,0.2567,0.0363
0.7559,0.3187,0.0451,0.8822,0.2567,0.0363
0.7416,0.3099,0.0438,0.8822,0.2567,0.0363
0.7607,0.3102,0.0439,0.8822,0.2567,0.0363
0.7778,0.3093,0.0437,0.8822,0.2567,0.0363
0.7615,0.3190,0.0451,0.8822,0.2567,0.0363
0.7505,0.3166,0.0448,0.8822,0.2567,0.0363
0.7210,0.3180,0.0450,0.8822,0.2567,0.0363
0.7745,0.3094,0.0438,0.8822,0.2567,0.0363
0.7686,0.3106,0.0439,0.8822,0.2567,0.0363
0.7730,0.3098,0.0438,0.8822,0.2567,0.0363
0.7458,0.3249,0.0459,0.8822,0.2567,0.0363
0.7522,0.3149,0.0445,0.8822,0.2567,0.0363
0.7323,0.3282,0.0464,0.8822,0.2567,0.0363
0.7474,0.3226,0.0456,0.8822,0.2567,0.0363
0.7593,0.3166,0.0448,0.8822,0.2567,0.0363
0.7516,0.3179,0.0450,0.8822,0.2567,0.0363
0.7441,0.3237,0.0458,0.8822,0.2567,0.0363
0.7454,0.3210,0.0454,0.8822,0.2567,0.0363
0.7618,0.3174,0.0449,0.8822,0.2567,0.0363
0.7447,0.3221,0.0455,0.8822,0.2567,0.0363
0.7353,0.3249,0.0459,0.8822,0.2567,0.0363
0.7076,0.3285,0.0465,0.8822,0.2567,0.0363
0.7686,0.3057,0.0432,0.8822,0.2567,0.0363
0.7469,0.3243,0.0459,0.8822,0.2567,0.0363
0.7710,0.3069,0.0434,0.8822,0.2567,0.0363
0.7290,0.3219,0.0455,0.8822,0.2567,0.0363
0.7452,0.3250,0.0460,0.8822,0.2567,0.0363
0.7349,0.3196,0.0452,0.8822,0.2567,0.0363
0.7693,0.3152,0.0446,0.8822,0.2567,0.0363
0.7882,0.3098,0.0438,0.8822,0.2567,0.0363
0.7484,0.3179,0.0450,0.8822,0.2567,0.0363
0.7616,0.3177,0.0449,0.8822,0.2567,0.0363
0.7492,0.3215,0.0455,0.8822,0.2567,0.0363
0.7426,0.3156,0.0446,0.8822,0.2567,0.0363
0.7733,0.3122,0.0441,0.8822,0.2567,0.0363
0.7273,0.3236,0.0458,0.8822,0.2567,0.0363
0.7443,0.3221,0.0455,0.8822,0.2567,0.0363
0.7887,0.3023,0.0428,0.8822,0.2567,0.0363
0.7593,0.3089,0.0437,0.8822,0.2567,0.0363
0.7517,0.3137,0.0444,0.8822,0.2567,0.0363
0.7714,0.3166,0.0448,0.8822,0.2567,0.0363
0.7761,0.3086,0.0436,0.8822,0.2567,0.0363
0.7806,0.3069,0.0434,0.8822,0.2567,0.0363
0.7334,0.3265,0.0462,0.8822,0.2567,0.0363
0.7392,0.3164,0.0448,0.8822,0.2567,0.0363
0.7456,0.3182,0.0450,0.8822,0.2567,0.0363
0.7750,0.3122,0.0441,0.8822,0.2567,0.0363
0.7591,0.3151,0.0446,0.8822,0.2567,0.0363
0.7510,0.3185,0.0450,0.8822,0.2567,0.0363
0.7646,0.3145,0.0445,0.8822,0.2567,0.0363
0.7585,0.3157,0.0446,0.8822,0.2567,0.0363
0.7563,0.3199,0.0452,0.8822,0.2567,0.0363
0.7901,0.3063,0.0433,0.8822,0.2567,0.0363
0.7942,0.2988,0.0423,0.8822,0.2567,0.0363
0.7571,0.3169,0.0448,0.8822,0.2567,0.0363
