# Mean fitness, Standard deviation of fitness, Standard error of the mean fitness, Mean best fitness, Standard deviation of best fitness, Standard error of the mean best fitness
0.0495,0.0547,0.0077,0.0495,0.0547,0.0077
0.0814,0.0719,0.0102,0.0972,0.0639,0.0090
0.1629,0.2298,0.0325,0.1981,0.2133,0.0302
0.1937,0.2672,0.0378,0.2686,0.2647,0.0374
0.2224,0.3120,0.0441,0.3205,0.3110,0.0440
0.1682,0.2447,0.0346,0.3205,0.3110,0.0440
0.1860,0.2671,0.0378,0.3216,0.3106,0.0439
0.2069,0.2860,0.0404,0.3261,0.3092,0.0437
0.2223,0.3287,0.0465,0.3436,0.3186,0.0451
0.1871,0.2678,0.0379,0.3502,0.3145,0.0445
0.2095,0.2967,0.0420,0.3538,0.3131,0.0443
0.1655,0.2414,0.0341,0.3733,0.3203,0.0453
0.2025,0.3104,0.0439,0.3874,0.3301,0.0467
0.1991,0.3150,0.0445,0.3913,0.3296,0.0466
0.1949,0.2932,0.0415,0.4025,0.3404,0.0481
0.1700,0.2550,0.0361,0.4028,0.3402,0.0481
0.1907,0.2634,0.0373,0.4077,0.3367,0.0476
0.1980,0.2619,0.0370,0.4130,0.3332,0.0471
0.2093,0.3116,0.0441,0.4130,0.3332,0.0471
0.2704,0.3454,0.0488,0.4343,0.3411,0.0482
0.2279,0.2975,0.0421,0.4356,0.3402,0.0481
0.2434,0.3074,0.0435,0.4479,0.3328,0.0471
0.2516,0.3279,0.0464,0.4479,0.3328,0.0471
0.1882,0.2949,0.0417,0.4479,0.3328,0.0471
0.2224,0.3340,0.0472,0.4479,0.3328,0.0471
0.2155,0.3119,0.0441,0.4526,0.3312,0.0468
0.2778,0.3706,0.0524,0.4612,0.3328,0.0471
0.2202,0.3182,0.0450,0.4612,0.3328,0.0471
0.2329,0.3284,0.0464,0.4619,0.3324,0.0470
0.2435,0.3318,0.0469,0.4619,0.3324,0.0470
0.2279,0.3160,0.0447,0.4619,0.3324,0.0470
0.2571,0.3606,0.0510,0.4619,0.3324,0.0470
0.1781,0.2363,0.0334,0.4619,0.3324,0.0470
0.2299,0.3291,0.0465,0.4619,0.3324,0.0470
0.2670,0.3400,0.0481,0.4620,0.3323,0.0470
0.2743,0.3798,0.0537,0.4620,0.3323,0.0470
0.2657,0.3319,0.0469,0.4770,0.3392,0.0480
0.2010,0.2938,0.0415,0.4770,0.3392,0.0480
0.2409,0.3315,0.0469,0.4870,0.3470,0.0491
0.2536,0.3430,0.0485,0.4870,0.3470,0.0491
0.2641,0.3162,0.0447,0.4895,0.3448,0.0488
0.2559,0.3500,0.0495,0.4896,0.3448,0.0488
0.2515,0.3433,0.0485,0.4896,0.3448,0.0488
0.2427,0.3479,0.0492,0.4896,0.3448,0.0488
0.2369,0.2840,0.0402,0.4896,0.3448,0.0488
0.1745,0.2421,0.0342,0.4935,0.3494,0.0494
0.2497,0.3248,0.0459,0.5085,0.3547,0.0502
0.2446,0.3260,0.0461,0.5085,0.3547,0.0502
0.2444,0.3266,0.0462,0.5085,0.3547,0.0502
0.2544,0.3514,0.0497,0.5085,0.3547,0.0502
0.2197,0.3111,0.0440,0.5085,0.3547,0.0502
0.2894,0.3795,0.0537,0.5085,0.3547,0.0502
0.2742,0.3529,0.0499,0.5085,0.3547,0.0502
0.2347,0.3097,0.0438,0.5085,0.3547,0.0502
0.2855,0.3531,0.0499,0.5091,0.3555,0.0503
0.1919,0.2709,0.0383,0.5094,0.3554,0.0503
0.2540,0.3271,0.0463,0.5094,0.3554,0.0503
0.2583,0.3427,0.0485,0.5095,0.3553,0.0502
0.3052,0.3614,0.0511,0.5095,0.3553,0.0502
0.2484,0.3496,0.0494,0.5095,0.3553,0.0502
0.2393,0.3474,0.0491,0.5095,0.3553,0.0502
0.2087,0.2849,0.0403,0.5095,0.3553,0.0502
0.2472,0.2997,0.0424,0.5096,0.3552,0.0502
0.2735,0.3639,0.0515,0.5096,0.3552,0.0502
0.2398,0.3284,0.0464,0.5096,0.3552,0.0502
0.2087,0.3154,0.0446,0.5096,0.3552,0.0502
0.2152,0.3201,0.0453,0.5096,0.3552,0.0502
0.2916,0.3713,0.0525,0.5096,0.3552,0.0502
0.1969,0.2761,0.0390,0.5096,0.3552,0.0502
0.2498,0.3436,0.0486,0.5096,0.3552,0.0502
0.2500,0.3294,0.0466,0.5096,0.3552,0.0502
0.2979,0.3889,0.0550,0.5096,0.3552,0.0502
0.2542,0.3334,0.0472,0.5096,0.3552,0.0502
0.2304,0.3088,0.0437,0.5096,0.3552,0.0502
0.2451,0.3208,0.0454,0.5096,0.3552,0.0502
0.2406,0.3487,0.0493,0.5096,0.3552,0.0502
0.2602,0.3392,0.0480,0.5100,0.3549,0.0502
0.2866,0.3497,0.0495,0.5100,0.3549,0.0502
0.2257,0.3320,0.0470,0.5241,0.3591,0.0508
0.2252,0.3209,0.0454,0.5241,0.3591,0.0508
0.2724,0.3421,0.0484,0.5241,0.3591,0.0508
0.2496,0.3386,0.0479,0.5248,0.3589,0.0508
0.2225,0.3364,0.0476,0.5248,0.3589,0.0508
0.2630,0.3375,0.0477,0.5248,0.3589,0.0508
0.2283,0.3303,0.0467,0.5248,0.3589,0.0508
0.2610,0.3405,0.0482,0.5248,0.3589,0.0508
0.2422,0.2737,0.0387,0.5248,0.3589,0.0508
0.1960,0.2763,0.0391,0.5248,0.3589,0.0508
0.2442,0.3483,0.0493,0.5248,0.3589,0.0508
0.2677,0.3381,0.0478,0.5248,0.3589,0.0508
0.3280,0.3877,0.0548,0.5248,0.3589,0.0508
0.2293,0.2883,0.0408,0.5248,0.3589,0.0508
0.2512,0.3476,0.0492,0.5248,0.3589,0.0508
0.2771,0.3485,0.0493,0.5362,0.3591,0.0508
0.2012,0.2515,0.0356,0.5406,0.3591,0.0508
0.2382,0.3495,0.0494,0.5406,0.3591,0.0508
0.2398,0.3363,0.0476,0.5413,0.3599,0.0509
0.2590,0.3487,0.0493,0.5429,0.3583,0.0507
0.2164,0.3022,0.0427,0.5429,0.3583,0.0507
0.2635,0.3493,0.0494,0.5429,0.3583,0.0507
0.2342,0.3064,0.0433,0.5429,0.3583,0.0507
0.2613,0.3445,0.0487,0.5429,0.3583,0.0507
0.3316,0.3987,0.0564,0.5448,0.3570,0.0505
0.2548,0.3252,0.0460,0.5459,0.3557,0.0503
0.2439,0.3347,0.0473,0.5473,0.3544,0.0501
0.2472,0.3081,0.0436,0.5473,0.3544,0.0501
0.2366,0.3180,0.0450,0.5473,0.3544,0.0501
0.2504,0.3474,0.0491,0.5473,0.3544,0.0501
0.2996,0.3642,0.0515,0.5473,0.3544,0.0501
0.3203,0.4126,0.0584,0.5723,0.3625,0.0513
0.2438,0.3093,0.0437,0.5723,0.3625,0.0513
0.2679,0.3579,0.0506,0.5723,0.3625,0.0513
0.2512,0.3467,0.0490,0.5723,0.3625,0.0513
0.2911,0.3660,0.0518,0.5723,0.3625,0.0513
0.2700,0.3721,0.0526,0.5723,0.3625,0.0513
0.2721,0.3342,0.0473,0.5723,0.3625,0.0513
0.2321,0.3360,0.0475,0.5723,0.3625,0.0513
0.2505,0.3456,0.0489,0.5723,0.3625,0.0513
0.2302,0.2808,0.0397,0.5723,0.3625,0.0513
0.2929,0.4069,0.0575,0.5723,0.3625,0.0513
0.2373,0.3319,0.0469,0.5723,0.3625,0.0513
0.2540,0.3339,0.0472,0.5723,0.3625,0.0513
0.2441,0.3420,0.0484,0.5723,0.3625,0.0513
0.2876,0.3561,0.0504,0.5723,0.3625,0.0513
0.2496,0.3441,0.0487,0.5723,0.3625,0.0513
0.2848,0.3620,0.0512,0.5723,0.3625,0.0513
0.2458,0.3159,0.0447,0.5723,0.3625,0.0513
0.2497,0.3249,0.0459,0.5723,0.3625,0.0513
0.2271,0.2608,0.0369,0.5723,0.3625,0.0513
0.2051,0.2865,0.0405,0.5723,0.3625,0.0513
0.2228,0.3054,0.0432,0.5723,0.3625,0.0513
0.2239,0.3034,0.0429,0.5723,0.3625,0.0513
0.3237,0.3822,0.0540,0.5723,0.3625,0.0513
0.2970,0.3591,0.0508,0.5723,0.3625,0.0513
0.2050,0.2921,0.0413,0.5723,0.3625,0.0513
0.2636,0.3627,0.0513,0.5723,0.3625,0.0513
0.2664,0.3397,0.0480,0.5723,0.3625,0.0513
0.2559,0.3441,0.0487,0.5723,0.3625,0.0513
0.2121,0.2931,0.0414,0.5723,0.3625,0.0513
0.2227,0.2939,0.0416,0.5723,0.3625,0.0513
0.2385,0.3461,0.0489,0.5723,0.3625,0.0513
0.2595,0.3400,0.0481,0.5723,0.3625,0.0513
0.3502,0.4076,0.0576,0.5730,0.3617,0.0512
0.2488,0.3260,0.0461,0.5739,0.3615,0.0511
0.2331,0.3092,0.0437,0.5739,0.3615,0.0511
0.2809,0.3731,0.0528,0.5739,0.3615,0.0511
0.3071,0.3849,0.0544,0.5739,0.3615,0.0511
0.2468,0.3127,0.0442,0.5739,0.3615,0.0511
0.2831,0.3520,0.0498,0.5739,0.3615,0.0511
0.2293,0.3503,0.0495,0.5739,0.3615,0.0511
0.2346,0.3300,0.0467,0.5739,0.3615,0.0511
0.2307,0.3108,0.0440,0.5739,0.3615,0.0511
0.2707,0.3575,0.0506,0.5739,0.3615,0.0511
0.3093,0.3930,0.0556,0.5739,0.3615,0.0511
0.2486,0.3176,0.0449,0.5739,0.3615,0.0511
0.2712,0.3598,0.0509,0.5739,0.3615,0.0511
0.2095,0.2886,0.0408,0.5739,0.3615,0.0511
0.2018,0.2669,0.0377,0.5739,0.3615,0.0511
0.2557,0.3432,0.0485,0.5739,0.3615,0.0511
0.2224,0.3051,0.0431,0.5739,0.3615,0.0511
0.2371,0.3092,0.0437,0.5739,0.3615,0.0511
0.2391,0.2911,0.0412,0.5739,0.3615,0.0511
0.2601,0.3626,0.0513,0.5739,0.3615,0.0511
0.2419,0.3242,0.0458,0.5739,0.3615,0.0511
0.2565,0.3618,0.0512,0.5739,0.3615,0.0511
0.2621,0.3454,0.0488,0.5739,0.3616,0.0511
0.2490,0.3124,0.0442,0.5739,0.3616,0.0511
0.2526,0.3460,0.0489,0.5739,0.3616,0.0511
0.2419,0.3297,0.0466,0.5739,0.3616,0.0511
0.2036,0.2856,0.0404,0.5739,0.3616,0.0511
0.2564,0.3434,0.0486,0.5739,0.3616,0.0511
0.3017,0.3909,0.0553,0.5739,0.3616,0.0511
0.3034,0.3889,0.0550,0.5739,0.3616,0.0511
0.2755,0.3781,0.0535,0.5739,0.3616,0.0511
0.2527,0.3481,0.0492,0.5889,0.3634,0.0514
0.1983,0.2892,0.0409,0.5889,0.3634,0.0514
0.2863,0.3905,0.0552,0.5889,0.3634,0.0514
0.2612,0.2997,0.0424,0.5889,0.3634,0.0514
0.2503,0.3491,0.0494,0.5889,0.3634,0.0514
0.2317,0.2762,0.0391,0.5889,0.3634,0.0514
0.2348,0.3254,0.0460,0.5889,0.3634,0.0514
0.1970,0.2639,0.0373,0.5889,0.3634,0.0514
0.1755,0.2417,0.0342,0.5889,0.3634,0.0514
0.2682,0.3481,0.0492,0.5889,0.3634,0.0514
0.3050,0.3801,0.0538,0.5889,0.3634,0.0514
0.2546,0.3670,0.0519,0.5889,0.3634,0.0514
0.2229,0.3289,0.0465,0.5889,0.3634,0.0514
0.2258,0.3292,0.0466,0.5889,0.3634,0.0514
0.2320,0.3265,0.0462,0.5889,0.3634,0.0514
0.2864,0.3673,0.0519,0.5889,0.3634,0.0514
0.2180,0.2852,0.0403,0.5889,0.3634,0.0514
0.1897,0.2926,0.0414,0.5889,0.3634,0.0514
0.2627,0.3593,0.0508,0.5889,0.3634,0.0514
0.2402,0.3229,0.0457,0.5889,0.3634,0.0514
0.2572,0.3435,0.0486,0.5889,0.3634,0.0514
0.2613,0.3405,0.0482,0.5889,0.3634,0.0514
0.2480,0.3294,0.0466,0.5889,0.3634,0.0514
0.2745,0.3347,0.0473,0.5889,0.3634,0.0514
0.2269,0.3134,0.0443,0.5889,0.3634,0.0514
0.2706,0.3567,0.0504,0.5889,0.3634,0.0514
0.2644,0.3410,0.0482,0.5896,0.3630,0.0513
0.2250,0.3071,0.0434,0.5896,0.3630,0.0513
0.2445,0.3380,0.0478,0.5896,0.3630,0.0513
0.2302,0.3172,0.0449,0.5896,0.3630,0.0513
0.2429,0.3335,0.0472,0.5896,0.3630,0.0513
0.2841,0.3665,0.0518,0.5896,0.3630,0.0513
0.2831,0.3775,0.0534,0.5896,0.3630,0.0513
0.2121,0.3121,0.0441,0.5896,0.3630,0.0513
0.1820,0.2650,0.0375,0.5896,0.3630,0.0513
0.2680,0.3560,0.0503,0.5896,0.3630,0.0513
0.2736,0.3724,0.0527,0.5896,0.3630,0.0513
0.2750,0.3573,0.0505,0.5896,0.3630,0.0513
0.2418,0.3057,0.0432,0.5896,0.3630,0.0513
0.2369,0.3441,0.0487,0.5896,0.3630,0.0513
0.3159,0.3587,0.0507,0.5952,0.3598,0.0509
0.2954,0.4049,0.0573,0.6052,0.3639,0.0515
0.2590,0.3681,0.0521,0.6052,0.3639,0.0515
0.2586,0.3379,0.0478,0.6052,0.3639,0.0515
0.2118,0.2614,0.0370,0.6052,0.3639,0.0515
0.2344,0.3124,0.0442,0.6052,0.3639,0.0515
0.2710,0.3556,0.0503,0.6052,0.3639,0.0515
0.2877,0.3524,0.0498,0.6052,0.3639,0.0515
0.2876,0.3736,0.0528,0.6052,0.3639,0.0515
0.2738,0.3555,0.0503,0.6072,0.3644,0.0515
0.2236,0.3048,0.0431,0.6072,0.3644,0.0515
0.2274,0.3331,0.0471,0.6072,0.3644,0.0515
0.2501,0.3430,0.0485,0.6072,0.3644,0.0515
0.2552,0.3439,0.0486,0.6072,0.3644,0.0515
0.3103,0.3575,0.0506,0.6072,0.3644,0.0515
0.2537,0.3654,0.0517,0.6072,0.3644,0.0515
0.2769,0.3768,0.0533,0.6072,0.3644,0.0515
0.2263,0.3311,0.0468,0.6072,0.3644,0.0515
0.2738,0.3530,0.0499,0.6072,0.3644,0.0515
0.2793,0.3645,0.0515,0.6072,0.3644,0.0515
0.2069,0.2912,0.0412,0.6072,0.3644,0.0515
0.2121,0.2944,0.0416,0.6072,0.3644,0.0515
0.2806,0.3800,0.0537,0.6072,0.3644,0.0515
0.2671,0.3596,0.0509,0.6072,0.3644,0.0515
0.2339,0.3280,0.0464,0.6105,0.3664,0.0518
0.2443,0.3367,0.0476,0.6105,0.3664,0.0518
0.2791,0.3580,0.0506,0.6105,0.3664,0.0518
0.2003,0.2633,0.0372,0.6105,0.3664,0.0518
0.2899,0.3656,0.0517,0.6105,0.3664,0.0518
0.2017,0.2653,0.0375,0.6105,0.3664,0.0518
0.2854,0.3563,0.0504,0.6105,0.3664,0.0518
0.2698,0.3290,0.0465,0.6105,0.3664,0.0518
0.2791,0.3566,0.0504,0.6105,0.3664,0.0518
0.2458,0.3101,0.0439,0.6105,0.3664,0.0518
0.2507,0.3372,0.0477,0.6105,0.3664,0.0518
0.2508,0.3413,0.0483,0.6105,0.3664,0.0518
0.3189,0.3875,0.0548,0.6105,0.3664,0.0518
0.2106,0.3083,0.0436,0.6105,0.3664,0.0518
0.2406,0.3301,0.0467,0.6105,0.3664,0.0518
0.3080,0.3916,0.0554,0.6105,0.3664,0.0518
0.3033,0.3713,0.0525,0.6105,0.3664,0.0518
0.2749,0.3570,0.0505,0.6105,0.3664,0.0518
0.2764,0.3602,0.0509,0.6105,0.3664,0.0518
0.2491,0.3200,0.0453,0.6255,0.3667,0.0519
0.2495,0.3194,0.0452,0.6255,0.3667,0.0519
0.2162,0.2899,0.0410,0.6255,0.3667,0.0519
0.2492,0.3248,0.0459,0.6255,0.3667,0.0519
0.2958,0.3849,0.0544,0.6255,0.3667,0.0519
0.2585,0.3324,0.0470,0.6255,0.3667,0.0519
0.2409,0.3450,0.0488,0.6255,0.3667,0.0519
0.2397,0.3470,0.0491,0.6255,0.3667,0.0519
0.2242,0.3084,0.0436,0.6255,0.3667,0.0519
0.2737,0.3442,0.0487,0.6255,0.3667,0.0519
0.3287,0.3765,0.0532,0.6305,0.3633,0.0514
0.2789,0.3639,0.0515,0.6305,0.3633,0.0514
0.2333,0.3062,0.0433,0.6305,0.3633,0.0514
0.2831,0.3827,0.0541,0.6305,0.3633,0.0514
0.2477,0.3278,0.0464,0.6305,0.3633,0.0514
0.2661,0.3480,0.0492,0.6305,0.3633,0.0514
0.2609,0.3261,0.0461,0.6305,0.3633,0.0514
0.2365,0.3243,0.0459,0.6305,0.3633,0.0514
0.2116,0.2663,0.0377,0.6305,0.3633,0.0514
0.2478,0.3437,0.0486,0.6305,0.3633,0.0514
0.2321,0.3407,0.0482,0.6305,0.3633,0.0514
0.3029,0.3851,0.0545,0.6305,0.3632,0.0514
0.2617,0.3596,0.0508,0.6305,0.3632,0.0514
0.2647,0.3640,0.0515,0.6305,0.3632,0.0514
0.2792,0.3558,0.0503,0.6305,0.3632,0.0514
0.2272,0.2987,0.0422,0.6305,0.3632,0.0514
0.2628,0.3424,0.0484,0.6305,0.3632,0.0514
0.2249,0.3048,0.0431,0.6305,0.3632,0.0514
0.2662,0.3356,0.0475,0.6305,0.3632,0.0514
0.2077,0.2937,0.0415,0.6305,0.3632,0.0514
0.2299,0.3122,0.0442,0.6305,0.3632,0.0514
0.2426,0.3270,0.0462,0.6305,0.3632,0.0514
0.2288,0.3072,0.0434,0.6305,0.3632,0.0514
0.2746,0.3564,0.0504,0.6305,0.3632,0.0514
0.1970,0.2893,0.0409,0.6305,0.3632,0.0514
0.1968,0.2917,0.0412,0.6305,0.3632,0.0514
0.2825,0.3443,0.0487,0.6305,0.3632,0.0514
0.2368,0.3277,0.0463,0.6305,0.3632,0.0514
0.2336,0.3336,0.0472,0.6305,0.3632,0.0514
0.2430,0.3232,0.0457,0.6305,0.3632,0.0514
0.2904,0.3808,0.0538,0.6305,0.3632,0.0514
0.2358,0.3194,0.0452,0.6305,0.3632,0.0514
0.2837,0.3569,0.0505,0.6305,0.3632,0.0514
0.2537,0.3257,0.0461,0.6305,0.3632,0.0514
0.2972,0.3464,0.0490,0.6305,0.3632,0.0514
0.2526,0.3423,0.0484,0.6305,0.3632,0.0514
0.2405,0.3243,0.0459,0.6305,0.3632,0.0514
0.2466,0.3244,0.0459,0.6305,0.3632,0.0514
0.2766,0.3564,0.0504,0.6305,0.3632,0.0514
0.2414,0.3396,0.0480,0.6305,0.3632,0.0514
0.2242,0.3096,0.0438,0.6312,0.3627,0.0513
0.2898,0.3309,0.0468,0.6312,0.3627,0.0513
0.2154,0.2885,0.0408,0.6312,0.3627,0.0513
0.2880,0.3803,0.0538,0.6312,0.3627,0.0513
0.2788,0.3589,0.0508,0.6312,0.3627,0.0513
0.2857,0.3577,0.0506,0.6312,0.3627,0.0513
0.3194,0.3886,0.0550,0.6312,0.3627,0.0513
0.2859,0.3633,0.0514,0.6312,0.3627,0.0513
0.2174,0.2297,0.0325,0.6312,0.3627,0.0513
0.2750,0.3615,0.0511,0.6312,0.3627,0.0513
0.2866,0.3702,0.0523,0.6312,0.3627,0.0513
0.2610,0.3316,0.0469,0.6312,0.3627,0.0513
0.3037,0.3715,0.0525,0.6312,0.3627,0.0513
0.2353,0.3314,0.0469,0.6312,0.3627,0.0513
0.2495,0.3276,0.0463,0.6312,0.3627,0.0513
0.2619,0.3386,0.0479,0.6312,0.3627,0.0513
0.2770,0.3434,0.0486,0.6312,0.3627,0.0513
0.2852,0.3707,0.0524,0.6312,0.3627,0.0513
0.2046,0.2894,0.0409,0.6312,0.3627,0.0513
0.2753,0.3368,0.0476,0.6312,0.3627,0.0513
0.2859,0.3478,0.0492,0.6312,0.3627,0.0513
0.2711,0.3597,0.0509,0.6312,0.3627,0.0513
0.3108,0.3974,0.0562,0.6312,0.3627,0.0513
0.2654,0.3437,0.0486,0.6312,0.3627,0.0513
0.2598,0.3377,0.0478,0.6312,0.3627,0.0513
0.2510,0.3451,0.0488,0.6312,0.3627,0.0513
0.2112,0.2678,0.0379,0.6312,0.3627,0.0513
0.2441,0.3281,0.0464,0.6312,0.3627,0.0513
0.2759,0.3570,0.0505,0.6312,0.3627,0.0513
0.2067,0.2867,0.0405,0.6312,0.3627,0.0513
0.2769,0.3403,0.0481,0.6312,0.3627,0.0513
0.2406,0.3125,0.0442,0.6312,0.3627,0.0513
0.2436,0.3281,0.0464,0.6312,0.3627,0.0513
0.2552,0.3502,0.0495,0.6312,0.3627,0.0513
0.2319,0.3084,0.0436,0.6312,0.3627,0.0513
0.2706,0.3488,0.0493,0.6312,0.3627,0.0513
0.2125,0.3143,0.0445,0.6312,0.3627,0.0513
0.2115,0.2872,0.0406,0.6312,0.3627,0.0513
0.2789,0.3517,0.0497,0.6312,0.3627,0.0513
0.1795,0.2814,0.0398,0.6312,0.3627,0.0513
0.2684,0.3388,0.0479,0.6312,0.3627,0.0513
0.2787,0.3492,0.0494,0.6312,0.3627,0.0513
0.2390,0.3312,0.0468,0.6312,0.3627,0.0513
0.2787,0.3774,0.0534,0.6312,0.3627,0.0513
0.2268,0.3487,0.0493,0.6312,0.3627,0.0513
0.2083,0.3112,0.0440,0.6312,0.3627,0.0513
0.2365,0.3276,0.0463,0.6312,0.3627,0.0513
0.2000,0.2980,0.0421,0.6312,0.3627,0.0513
0.2477,0.3426,0.0485,0.6312,0.3627,0.0513
0.2465,0.3297,0.0466,0.6312,0.3627,0.0513
0.2299,0.3026,0.0428,0.6312,0.3627,0.0513
0.2605,0.3209,0.0454,0.6312,0.3627,0.0513
0.2951,0.3798,0.0537,0.6312,0.3627,0.0513
0.3151,0.3782,0.0535,0.6312,0.3627,0.0513
0.2640,0.3448,0.0488,0.6312,0.3627,0.0513
0.2216,0.2953,0.0418,0.6312,0.3627,0.0513
0.2374,0.3290,0.0465,0.6312,0.3627,0.0513
0.2262,0.3100,0.0438,0.6312,0.3627,0.0513
0.2740,0.3762,0.0532,0.6312,0.3627,0.0513
0.2298,0.3149,0.0445,0.6312,0.3627,0.0513
0.2345,0.3070,0.0434,0.6312,0.3627,0.0513
0.2322,0.3108,0.0440,0.6312,0.3627,0.0513
0.2133,0.3165,0.0448,0.6312,0.3627,0.0513
0.2473,0.3394,0.0480,0.6312,0.3627,0.0513
0.2346,0.3060,0.0433,0.6312,0.3627,0.0513
0.2649,0.3433,0.0485,0.6312,0.3627,0.0513
0.2324,0.3358,0.0475,0.6312,0.3627,0.0513
0.2115,0.3172,0.0449,0.6312,0.3627,0.0513
0.2563,0.3489,0.0493,0.6412,0.3659,0.0517
0.2400,0.3283,0.0464,0.6424,0.3647,0.0516
0.2544,0.3664,0.0518,0.6424,0.3647,0.0516
0.2420,0.3071,0.0434,0.6424,0.3647,0.0516
0.2606,0.3597,0.0509,0.6424,0.3647,0.0516
0.2308,0.3148,0.0445,0.6424,0.3647,0.0516
0.2267,0.2975,0.0421,0.6424,0.3647,0.0516
0.2212,0.3327,0.0470,0.6424,0.3647,0.0516
0.3098,0.3980,0.0563,0.6424,0.3647,0.0516
0.2786,0.3600,0.0509,0.6574,0.3637,0.0514
0.2551,0.3414,0.0483,0.6574,0.3637,0.0514
0.2396,0.3458,0.0489,0.6574,0.3637,0.0514
0.2179,0.2846,0.0402,0.6574,0.3637,0.0514
0.2366,0.3240,0.0458,0.6574,0.3637,0.0514
0.2527,0.3469,0.0491,0.6574,0.3637,0.0514
0.2630,0.3361,0.0475,0.6574,0.3637,0.0514
0.2287,0.3357,0.0475,0.6574,0.3637,0.0514
0.2499,0.3451,0.0488,0.6574,0.3637,0.0514
0.2338,0.3074,0.0435,0.6574,0.3637,0.0514
0.2166,0.3050,0.0431,0.6574,0.3637,0.0514
0.2172,0.2830,0.0400,0.6574,0.3637,0.0514
0.2023,0.2713,0.0384,0.6574,0.3637,0.0514
0.2219,0.3164,0.0447,0.6575,0.3636,0.0514
0.2512,0.3496,0.0494,0.6575,0.3636,0.0514
0.2629,0.3612,0.0511,0.6575,0.3636,0.0514
0.2575,0.3613,0.0511,0.6575,0.3636,0.0514
0.2528,0.3238,0.0458,0.6575,0.3636,0.0514
0.2537,0.3420,0.0484,0.6575,0.3636,0.0514
0.2776,0.3552,0.0502,0.6575,0.3636,0.0514
0.2624,0.3635,0.0514,0.6575,0.3636,0.0514
0.2622,0.3421,0.0484,0.6575,0.3636,0.0514
0.2669,0.3774,0.0534,0.6575,0.3636,0.0514
0.2262,0.3196,0.0452,0.6575,0.3636,0.0514
0.2563,0.3612,0.0511,0.6575,0.3636,0.0514
0.2629,0.3439,0.0486,0.6575,0.3636,0.0514
0.2291,0.3258,0.0461,0.6575,0.3636,0.0514
0.2690,0.3278,0.0464,0.6575,0.3636,0.0514
0.2441,0.3308,0.0468,0.6575,0.3636,0.0514
0.2450,0.3280,0.0464,0.6575,0.3636,0.0514
0.2682,0.3461,0.0489,0.6575,0.3636,0.0514
0.2547,0.3653,0.0517,0.6575,0.3636,0.0514
0.2570,0.3441,0.0487,0.6575,0.3636,0.0514
0.2626,0.3637,0.0514,0.6575,0.3636,0.0514
0.2395,0.3467,0.0490,0.6575,0.3636,0.0514
0.2734,0.3534,0.0500,0.6575,0.3636,0.0514
0.2546,0.3249,0.0459,0.6575,0.3636,0.0514
0.2785,0.3339,0.0472,0.6575,0.3636,0.0514
0.2850,0.3736,0.0528,0.6575,0.3636,0.0514
0.2909,0.3673,0.0519,0.6575,0.3636,0.0514
0.2975,0.3556,0.0503,0.6575,0.3636,0.0514
0.2550,0.3433,0.0485,0.6575,0.3636,0.0514
0.2604,0.3434,0.0486,0.6575,0.3636,0.0514
0.2142,0.3128,0.0442,0.6575,0.3636,0.0514
0.2637,0.3422,0.0484,0.6575,0.3636,0.0514
0.1983,0.2824,0.0399,0.6575,0.3636,0.0514
0.2703,0.3568,0.0505,0.6575,0.3636,0.0514
0.2503,0.3238,0.0458,0.6575,0.3636,0.0514
0.2438,0.3466,0.0490,0.6575,0.3636,0.0514
0.2597,0.3435,0.0486,0.6575,0.3636,0.0514
0.2300,0.3084,0.0436,0.6575,0.3636,0.0514
0.2190,0.2884,0.0408,0.6575,0.3636,0.0514
0.2441,0.3143,0.0445,0.6575,0.3636,0.0514
0.2483,0.3431,0.0485,0.6575,0.3636,0.0514
0.2459,0.3250,0.0460,0.6575,0.3636,0.0514
0.2427,0.3478,0.0492,0.6575,0.3636,0.0514
0.2440,0.3079,0.0435,0.6575,0.3636,0.0514
0.2301,0.3042,0.0430,0.6575,0.3636,0.0514
0.2437,0.3240,0.0458,0.6575,0.3636,0.0514
0.2536,0.3476,0.0492,0.6575,0.3636,0.0514
0.2765,0.3315,0.0469,0.6575,0.3636,0.0514
0.2976,0.3848,0.0544,0.6575,0.3636,0.0514
0.2021,0.2913,0.0412,0.6575,0.3636,0.0514
0.2607,0.3474,0.0491,0.6575,0.3636,0.0514
0.2490,0.3246,0.0459,0.6575,0.3636,0.0514
0.2431,0.3478,0.0492,0.6575,0.3636,0.0514
0.2604,0.3403,0.0481,0.6575,0.3636,0.0514
0.2255,0.3092,0.0437,0.6575,0.3636,0.0514
0.2131,0.2877,0.0407,0.6575,0.3636,0.0514
0.3316,0.3836,0.0542,0.6575,0.3636,0.0514
0.2592,0.3374,0.0477,0.6575,0.3636,0.0514
0.2352,0.3282,0.0464,0.6575,0.3636,0.0514
0.2294,0.3274,0.0463,0.6575,0.3636,0.0514
0.2521,0.3415,0.0483,0.6575,0.3636,0.0514
0.2571,0.3242,0.0459,0.6575,0.3636,0.0514
0.2387,0.3059,0.0433,0.6575,0.3636,0.0514
0.2380,0.3298,0.0466,0.6575,0.3636,0.0514
0.2643,0.3395,0.0480,0.6575,0.3636,0.0514
0.2218,0.3100,0.0438,0.6575,0.3636,0.0514
0.2106,0.2880,0.0407,0.6575,0.3636,0.0514
0.2912,0.3488,0.0493,0.6575,0.3636,0.0514
0.2922,0.3676,0.0520,0.6575,0.3636,0.0514
0.2598,0.3313,0.0469,0.6663,0.3631,0.0513
0.2018,0.2742,0.0388,0.6663,0.3631,0.0513
0.2904,0.3491,0.0494,0.6663,0.3631,0.0513
0.2077,0.3101,0.0438,0.6663,0.3631,0.0513
0.2305,0.3077,0.0435,0.6663,0.3631,0.0513
0.2313,0.3285,0.0465,0.6663,0.3631,0.0513
0.2335,0.2889,0.0409,0.6663,0.3631,0.0513
0.2508,0.3230,0.0457,0.6663,0.3631,0.0513
0.2588,0.3199,0.0452,0.6663,0.3631,0.0513
0.2298,0.3321,0.0470,0.6663,0.3631,0.0513
0.2122,0.2921,0.0413,0.6663,0.3631,0.0513
0.2584,0.3383,0.0478,0.6663,0.3631,0.0513
0.2456,0.3124,0.0442,0.6663,0.3631,0.0513
0.2347,0.3277,0.0463,0.6663,0.3631,0.0513
0.2529,0.3217,0.0455,0.6663,0.3631,0.0513
0.2526,0.3417,0.0483,0.6663,0.3631,0.0513
0.2202,0.3338,0.0472,0.6663,0.3631,0.0513
0.2375,0.3348,0.0473,0.6663,0.3631,0.0513
0.2447,0.3251,0.0460,0.6663,0.3631,0.0513
0.2196,0.3095,0.0438,0.6663,0.3631,0.0513
0.3092,0.3415,0.0483,0.6663,0.3631,0.0513
0.2352,0.3359,0.0475,0.6663,0.3631,0.0513
0.1909,0.2623,0.0371,0.6663,0.3631,0.0513
0.2279,0.3079,0.0435,0.6663,0.3631,0.0513
0.2208,0.2844,0.0402,0.6663,0.3631,0.0513
0.2470,0.3430,0.0485,0.6663,0.3631,0.0513
0.2608,0.3443,0.0487,0.6663,0.3631,0.0513
0.2220,0.2923,0.0413,0.6663,0.3631,0.0513
0.2013,0.2986,0.0422,0.6663,0.3631,0.0513
0.2100,0.2845,0.0402,0.6663,0.3631,0.0513
0.2397,0.3052,0.0432,0.6663,0.3631,0.0513
0.2511,0.3286,0.0465,0.6663,0.3631,0.0513
0.2129,0.3090,0.0437,0.6663,0.3631,0.0513
0.2300,0.3066,0.0434,0.6663,0.3631,0.0513
0.3073,0.3701,0.0523,0.6663,0.3631,0.0513
